playerId,season,name,team,position,situation,games_played,icetime,xGoals,goals,unblocked_shot_attempts,xRebounds,rebounds,xFreeze,freeze,xOnGoal,ongoal,xPlayStopped,playStopped,xPlayContinuedInZone,playContinuedInZone,xPlayContinuedOutsideZone,playContinuedOutsideZone,flurryAdjustedxGoals,lowDangerShots,mediumDangerShots,highDangerShots,lowDangerxGoals,mediumDangerxGoals,highDangerxGoals,lowDangerGoals,mediumDangerGoals,highDangerGoals,blocked_shot_attempts,penalityMinutes,penalties
8478048,2025,Igor Shesterkin,NYR,G,other,51,3005.0,11.52,7.0,137.0,6.58,14.0,14.71,3.0,75.11,61.0,1.25,0.0,43.13,45.0,22.79,33.0,9.7,56.0,31.0,15.0,2.34,3.82,5.36,2.0,3.0,2.0,35.0,0.0,0.0
8478048,2025,Igor Shesterkin,NYR,G,all,51,181453.0,147.25,126.0,2948.0,110.34,188.0,382.7,264.0,1574.52,1425.0,48.41,1.0,849.04,759.0,606.05,809.0,137.87,1613.0,377.0,159.0,49.12,46.36,51.77,51.0,39.0,36.0,799.0,11.0,4.0
8478048,2025,Igor Shesterkin,NYR,G,5on5,51,151303.0,98.08,81.0,2318.0,78.62,135.0,307.67,215.0,1210.41,1097.0,39.01,1.0,650.98,580.0,483.79,646.0,94.11,1301.0,263.0,96.0,39.07,32.73,26.28,41.0,28.0,12.0,658.0,11.0,4.0
8478048,2025,Igor Shesterkin,NYR,G,4on5,51,14712.0,32.14,30.0,427.0,22.16,35.0,53.06,38.0,241.17,222.0,1.13,0.0,138.28,127.0,71.41,95.0,28.91,218.0,66.0,41.0,6.38,7.59,18.17,5.0,5.0,20.0,102.0,0.0,0.0
8478048,2025,Igor Shesterkin,NYR,G,5on4,51,12433.0,4.99,6.0,52.0,2.24,4.0,5.31,6.0,38.52,37.0,6.95,0.0,11.33,3.0,23.94,30.0,4.63,27.0,15.0,7.0,1.05,1.98,1.97,2.0,2.0,2.0,3.0,0.0,0.0
8481020,2025,Justus Annunen,NSH,G,other,28,3132.0,6.17,6.0,77.0,3.49,4.0,8.69,7.0,42.53,33.0,0.69,0.0,24.66,24.0,12.5,16.0,5.28,36.0,13.0,8.0,1.49,1.85,2.83,3.0,1.0,2.0,20.0,0.0,0.0
8481020,2025,Justus Annunen,NSH,G,all,28,90032.0,75.31,67.0,1439.0,58.93,75.0,196.19,173.0,818.72,712.0,25.26,1.0,441.57,414.0,312.34,382.0,71.65,822.0,216.0,74.0,24.89,26.41,24.01,24.0,28.0,15.0,327.0,2.0,1.0
8481020,2025,Justus Annunen,NSH,G,5on5,28,71882.0,52.2,45.0,1137.0,42.31,56.0,159.67,143.0,640.17,552.0,20.22,1.0,346.11,331.0,254.24,300.0,50.32,674.0,154.0,48.0,20.09,18.37,13.75,17.0,23.0,5.0,261.0,2.0,1.0
8481020,2025,Justus Annunen,NSH,G,4on5,28,8254.0,15.24,15.0,199.0,12.23,15.0,25.3,23.0,118.55,109.0,0.58,0.0,65.39,58.0,33.67,45.0,14.36,95.0,45.0,16.0,2.72,5.62,6.9,3.0,4.0,8.0,43.0,0.0,0.0
8481020,2025,Justus Annunen,NSH,G,5on4,28,6764.0,1.7,1.0,26.0,0.89,0.0,2.54,0.0,17.47,18.0,3.76,0.0,5.39,1.0,11.92,21.0,1.69,17.0,4.0,2.0,0.59,0.58,0.53,1.0,0.0,0.0,3.0,0.0,0.0
8478971,2025,Connor Ingram,EDM,G,other,32,2137.0,5.38,1.0,72.0,3.15,4.0,8.35,9.0,40.75,35.0,1.07,0.0,24.29,28.0,12.49,13.0,4.01,35.0,15.0,5.0,1.24,1.76,2.38,0.0,0.0,1.0,17.0,0.0,0.0
8478971,2025,Connor Ingram,EDM,G,all,32,106694.0,78.66,77.0,1638.0,60.07,98.0,203.06,173.0,856.17,763.0,33.01,1.0,465.51,406.0,336.8,418.0,74.24,892.0,197.0,84.0,26.9,24.63,27.12,33.0,26.0,18.0,465.0,2.0,1.0
8478971,2025,Connor Ingram,EDM,G,5on5,32,89809.0,56.59,60.0,1334.0,45.99,76.0,168.07,145.0,682.49,608.0,26.64,1.0,371.33,316.0,276.67,344.0,54.65,735.0,151.0,56.0,22.89,19.09,14.62,29.0,24.0,7.0,392.0,0.0,0.0
8478971,2025,Connor Ingram,EDM,G,4on5,32,7495.0,13.9,13.0,196.0,9.68,16.0,23.23,16.0,108.96,95.0,0.99,0.0,62.32,56.0,32.33,44.0,12.89,103.0,22.0,20.0,2.01,2.67,9.22,3.0,1.0,9.0,51.0,2.0,1.0
8478971,2025,Connor Ingram,EDM,G,5on4,32,7253.0,2.48,2.0,32.0,1.04,2.0,2.93,3.0,20.86,22.0,4.14,0.0,6.2,4.0,13.76,16.0,2.39,17.0,7.0,3.0,0.68,0.9,0.9,0.0,1.0,1.0,5.0,0.0,0.0
8480193,2025,Daniil Tarasov,FLA,G,other,33,3823.0,9.52,10.0,105.0,4.68,10.0,11.01,6.0,55.71,55.0,1.52,0.0,30.49,24.0,17.14,23.0,8.59,40.0,22.0,13.0,1.44,2.58,5.5,3.0,2.0,5.0,30.0,0.0,0.0
8480193,2025,Daniil Tarasov,FLA,G,all,33,114340.0,95.24,97.0,1826.0,70.89,123.0,247.64,174.0,1018.61,924.0,33.85,4.0,547.58,470.0,392.27,520.0,89.92,1025.0,257.0,107.0,30.89,31.41,32.94,44.0,31.0,22.0,437.0,0.0,0.0
8480193,2025,Daniil Tarasov,FLA,G,5on5,33,92085.0,70.1,71.0,1441.0,53.01,95.0,202.47,141.0,804.2,716.0,25.71,3.0,427.82,380.0,316.86,409.0,66.67,829.0,192.0,77.0,24.64,23.98,21.49,37.0,21.0,13.0,343.0,0.0,0.0
8480193,2025,Daniil Tarasov,FLA,G,4on5,33,9662.0,13.45,15.0,248.0,12.03,16.0,31.05,26.0,137.69,129.0,0.9,0.0,82.37,62.0,44.41,68.0,12.54,137.0,38.0,13.0,4.29,4.27,4.9,4.0,7.0,4.0,60.0,0.0,0.0
8480193,2025,Daniil Tarasov,FLA,G,5on4,33,8770.0,2.17,1.0,32.0,1.17,2.0,3.11,1.0,21.02,24.0,5.72,1.0,6.91,4.0,13.85,20.0,2.13,19.0,5.0,4.0,0.53,0.59,1.06,0.0,1.0,0.0,4.0,0.0,0.0
8477424,2025,Juuse Saros,NSH,G,other,59,5528.0,14.69,19.0,188.0,8.17,8.0,21.59,14.0,111.24,109.0,2.41,0.0,59.96,48.0,40.86,60.0,14.04,88.0,48.0,13.0,3.67,5.89,5.12,2.0,15.0,2.0,39.0,0.0,0.0
8477424,2025,Juuse Saros,NSH,G,all,59,205953.0,171.73,181.0,3248.0,126.39,184.0,435.99,338.0,1833.2,1700.0,58.02,3.0,973.91,862.0,714.15,916.0,163.31,1837.0,477.0,169.0,54.58,59.78,57.36,63.0,76.0,42.0,765.0,2.0,1.0
8477424,2025,Juuse Saros,NSH,G,5on5,59,169685.0,120.99,136.0,2648.0,95.76,144.0,364.55,285.0,1461.6,1344.0,46.09,3.0,784.93,705.0,577.82,721.0,116.87,1536.0,346.0,111.0,45.64,43.13,32.21,61.0,51.0,24.0,655.0,2.0,1.0
8477424,2025,Juuse Saros,NSH,G,4on5,59,15203.0,31.07,25.0,334.0,20.04,27.0,41.86,36.0,206.96,195.0,1.27,0.0,113.06,92.0,58.44,91.0,27.48,163.0,69.0,39.0,3.59,9.13,18.35,0.0,9.0,16.0,63.0,0.0,0.0
8477424,2025,Juuse Saros,NSH,G,5on4,59,15537.0,4.83,1.0,75.0,2.33,5.0,7.7,3.0,51.86,51.0,7.97,0.0,15.18,16.0,36.4,43.0,4.76,49.0,13.0,6.0,1.66,1.49,1.68,0.0,1.0,0.0,7.0,0.0,0.0
8482137,2025,Yaroslav Askarov,SJS,G,other,47,4121.0,9.59,11.0,123.0,5.51,6.0,13.95,16.0,68.95,60.0,1.23,0.0,41.29,35.0,21.09,26.0,7.87,58.0,25.0,11.0,2.36,3.39,3.84,6.0,3.0,2.0,29.0,0.0,0.0
8482137,2025,Yaroslav Askarov,SJS,G,all,47,155789.0,138.09,157.0,2683.0,106.25,179.0,346.18,247.0,1458.87,1342.0,37.97,0.0,792.5,743.0,555.64,657.0,128.6,1467.0,372.0,149.0,43.88,45.45,48.76,67.0,54.0,36.0,695.0,2.0,1.0
8482137,2025,Yaroslav Askarov,SJS,G,5on5,47,125791.0,93.89,109.0,2075.0,75.06,129.0,275.58,197.0,1108.3,1016.0,29.22,0.0,597.91,561.0,435.13,516.0,89.42,1153.0,265.0,97.0,33.71,32.62,27